-5.60359819856,-6.20438060573
-1.0919826336,9.75733250108
9.42646540609,-21.4904840042
11.8762863034,5.45836901314
-2.13764025087,5.58480787816
-5.22534213733,12.3140838209
0.772085836922,-14.4819825427
14.4555278496,-17.1387905982
2.31132549936,8.77942756177
-10.2851685169,-13.9718059757
-0.625061707787,9.70333800647
3.59292750638,14.0993754327
-2.59044873903,-6.25874262412
6.02816785105,-7.48116369584
-1.83254147764,-13.5905317879
14.811325362,-4.88802602757
5.744060825,-10.6094581828
30.6786473527,10.3848918214
-16.6177081875,-3.98272658481
-4.69056397562,-4.79144022535
21.1813166571,3.20179522387
19.544061422,-6.71556343885
-6.72632802556,-11.1305137012
4.8458624019,-1.87216423421
9.79742492593,-1.76418276116
-0.0263321520578,8.01381982644
0.361682606189,3.88105386442
0.481470131914,8.9661960668
20.0999658259,6.38006020606
-11.5148286083,0.498870280284
-1.10408351531,-12.9239133288
14.4765553475,8.58533600687
-10.2446898673,-5.26991040346
1.05240966064,0.802177659097
-5.82667404426,2.58047870841
1.40144365008,-0.244040572464
19.0537785974,8.29867521655
9.0121324773,-0.267851461479
16.2961091389,13.3689210708
-0.11657395794,2.12116360344
-1.13937981868,0.651362576345
-3.54959101084,-11.7255416266
-8.14474744185,20.0498161947
-0.0407090237402,11.1145726103
9.07233718031,11.2350177937
6.57157444304,-7.69159741277
-14.1296906547,-15.2761907324
-0.791240637221,3.06350137938
11.3292502085,-3.34762545552
3.15809692765,-9.45053226254
3.21516936452,2.64948184216
21.6214055868,-9.58513021301
12.3278956287,6.17589276047
-3.09795550931,-2.78170787969
7.66073888624,-4.56224726799
14.1050239259,5.28859834149
12.8807544954,-2.69661884826
10.8280217808,-0.210870898573
7.59880691973,-10.6674508649
7.3544456121,-16.3104141175
2.20429435413,-3.48167687653
5.55995724139,-16.0837825038
9.62296128458,-0.368795847721
-2.30571804807,-3.6826026738
5.4930908492,-12.6962036007
0.0134017418215,1.02076430929
-12.5637498326,-7.04417930225
2.79331320043,1.15636591665
21.7970871062,-6.03930932307
0.37720648144,11.0527376863
-0.452307392466,-4.69753353233
10.6573191802,0.780505688834
21.8851099231,-2.33135677888
10.5436059679,9.56461657519
21.3858107653,5.69553093926
-7.6696092447,10.4379866753
-0.995673740556,0.0827306099063
11.3303136747,20.3306422563
1.54263545798,-17.8615120942
2.04950595374,-17.0150492416
-3.50146364145,-3.46257982608
0.868545515393,-23.5599361693
-3.17833496718,7.94384050272
27.7914924516,-17.4863423194
6.12472349251,-2.56263214209
-14.5617026482,7.94279521455
0.23986288407,26.9757770204
28.0478087115,-1.21278129134
6.83722755737,0.898008277693
-18.9017352523,16.5484873842
20.8449022596,1.95873433057
18.8272190169,26.266967345
6.53205432097,12.6520051652
1.35438333597,-6.37333741603
10.4036012621,-7.12069374794
3.25919997889,-2.90941145086
2.7435585387,8.52020314648
7.9013757972,-6.69336815702
0.396989608556,-20.9988707892
14.0541758186,11.5936872942
